Create this file... Date or something - maybe rules here...

Generation: 0
Population: 8

00000
00000
00000
00000
00000

00010
00000
00010
00000
00000

00000
00100
00010
00100
00000

00000
00000
01000
00010
00000

00000
10000
00000
00000
00000

Generation: 1
Population: 22

00000
00000
00000
00000
01110

00110
00001
00010
00110
00000

00000
00001
01001
00001
00000

01110
11100
01000
00010
10000

00000
00000
00000
00000
00000

Generation: 2
Population: 13

01000
00000
00100
10000
00000

00000
00000
00000
00000
10000

00000
00000
00000
00000
00000

00000
00000
00000
01110
00000

00000
00000
00010
01100
01110

Generation: 3
Population: 13

00000
00000
00000
00000
00000

00000
00000
10000
01000
10000

00000
00000
00100
11100
11100

00001
00000
00000
10001
00000

00000
00000
00000
00000
00000

Generation: 4
Population: 23

00000
10000
00001
00000
11110

00000
10000
00000
00011
00011

00001
00000
00110
00000
00000

00000
00001
00110
00001
00001

00000
00001
00011
10000
00000

Generation: 5
Population: 14

00000
00000
00000
00000
00000

00000
11000
11100
10000
01000

00011
01000
01000
00000
00000

00000
00000
01000
01000
10000

00000
00000
00000
00000
00000

Generation: 6
Population: 32

01110
00000
00000
00100
01010

01000
00010
00000
00000
10001

01010
00010
00001
00000
00101

10110
11000
01000
01100
01001

00010
00100
00100
00001
00110

Generation: 7
Population: 4

00000
00000
00000
00000
00000

00000
10000
00100
00000
00000

00000
00000
00001
00000
00000

00000
00000
00001
00000
00000

00000
00000
00000
00000
00000

Generation: 8
Population: 23

00000
11110
00110
00100
01001

10000
00000
00000
00000
00000

00000
00011
00010
00010
00000

00000
00000
00000
00000
00000

11000
01110
00110
00000
00011

Generation: 9
Population: 18

00000
00000
00000
00000
00001

00000
00000
00000
01000
11111

11000
00011
00110
00001
10000

00000
10000
01000
00000
01000

00000
00000
00000
00000
00000

Generation: 10
Population: 26

11101
11000
11000
00000
00000

00101
01001
10000
00000
00000

00100
00011
00000
00000
00000

00000
00000
11000
00011
01110

00000
00000
10000
00100
00100

Generation: 11
Population: 14

00000
00000
00000
00001
00000

00000
00000
00010
11000
00010

10000
00000
00000
00001
01001

00000
00110
01000
00001
10000

00000
00000
00000
00000
00000

Generation: 12
Population: 33

00000
00000
10110
00000
00100

00000
00000
10010
01000
00110

01000
11011
00000
00000
00100

01100
01100
00100
01011
11010

10000
11011
00000
00100
00001

Generation: 13
Population: 4

00000
00000
00000
00000
00001

00010
00000
00000
10001
00000

00000
00000
00000
00000
00000

00000
00000
00000
00000
00000

00000
00000
00000
00000
00000

Generation: 14
Population: 19

00101
01110
00010
00001
01100

00000
00000
00000
00001
00011

00000
00000
00000
00000
00000

00000
00000
00000
00000
00000

00100
00101
00100
00100
00101

Generation: 15
Population: 15

00000
00000
00000
00000
10000

01000
01001
00000
00000
00101

00000
00000
00000
00011
00001

00000
01100
01100
01100
00000

00000
00000
00000
00000
00000

Generation: 16
Population: 34

00000
11011
11000
10000
11000

11100
00000
00010
00000
11100

10000
00010
00001
00001
01001

01100
01100
10000
01001
01001

00000
00000
00000
10000
11000

Generation: 17
Population: 0

00000
00000
00000
00000
00000

00000
00000
00000
00000
00000

00000
00000
00000
00000
00000

00000
00000
00000
00000
00000

00000
00000
00000
00000
00000

Generation: 18
Population: 0

00000
00000
00000
00000
00000

00000
00000
00000
00000
00000

00000
00000
00000
00000
00000

00000
00000
00000
00000
00000

00000
00000
00000
00000
00000

Generation: 19
Population: 5

00000
00000
00000
00001
01000

00000
00000
00000
00000
00000

00000
00000
00000
00000
00000

00001
00000
00000
00000
00001

00000
00000
00000
00001
00000

Generation: 20
Population: 2

00000
00000
00000
00000
00000

00000
00000
00000
00000
00000

00000
00000
00000
00000
00000

00000
00000
00000
00000
00011

00000
00000
00000
00000
00000

Generation: 21
Population: 5

00000
00000
00000
00001
01000

00000
00000
00000
00000
00000

00000
00000
00000
00000
00000

00001
00000
00000
00000
00110

00000
00000
00000
00000
00000

Generation: 22
Population: 4

00000
00000
00000
00000
00000

00000
00000
00000
00000
00000

00000
00000
00000
00000
00010

00000
00000
00000
00000
00110

00000
00000
00000
00000
00100

Generation: 23
Population: 8

00000
00000
00000
00001
01000

00000
00000
00000
00000
00000

00000
00000
00000
00110
00110

00001
00000
00000
00000
01000

00000
00000
00000
00000
00000

Generation: 24
Population: 11

00000
00000
00000
00000
00000

00000
00000
00010
01001
01000

00000
00000
00000
01010
01001

00000
00000
00000
01000
01001

00000
00000
00000
00000
00000

Generation: 25
Population: 18

00000
00000
00000
00000
00010

00000
00000
00011
01001
01011

00000
00000
11011
00000
00001

00001
00000
00100
01011
00000

00000
00000
00000
00000
00000

Generation: 26
Population: 22

00000
00000
00011
10000
10000

00000
10100
01000
01000
00000

00001
11000
00000
00000
11000

00001
11100
00000
11000
00100

00000
00000
00001
00000
10000

Generation: 27
Population: 7

00000
00000
00000
00000
00110

00000
00100
00010
00000
00000

00000
00000
00000
00000
00010

00000
00100
00000
00100
00000

00000
00000
00000
00000
00000

Generation: 28
Population: 21

00000
00100
00000
00111
10011

00000
00000
00000
00001
00110

00000
00110
01000
00110
00000

00000
00000
00000
00000
00100

00000
11000
11000
00010
00000

Generation: 29
Population: 15

00000
00000
00000
00000
10000

00110
01010
00000
10000
00000

00000
00100
01001
00001
01000

00000
00001
00000
10000
11000

00000
00000
00000
00000
00000

Generation: 30
Population: 25

00001
10000
01000
00001
10001

00001
11000
00000
00000
00111

01001
00000
00000
00100
00000

00000
00011
01000
00100
00100

00000
00100
10000
00110
00010

Generation: 31
Population: 13

00000
00000
00000
00000
00000

00100
00110
00100
10000
00100

01000
00000
10000
00000
00001

01000
00011
10000
00000
00000

00000
00000
00000
00000
00000

Generation: 32
Population: 27

00000
00000
01100
00011
00010

00000
00011
00111
10010
10110

00000
00000
00000
00010
10100

01000
00101
10000
00000
00000

00001
01110
00010
00000
00000

Generation: 33
Population: 9

00000
00000
00000
00000
00000

00000
01000
00000
00000
00000

11000
00000
00000
00000
00000

00000
00000
10000
11111
00000

00000
00000
00000
00000
00000

Generation: 34
Population: 27

00100
01000
00000
00000
10000

00100
11000
00000
00000
10000

00100
00000
00010
00110
00011

01000
01000
00110
11111
00011

01000
01000
00100
00000
00000

Generation: 35
Population: 8

00000
00000
00000
00000
00000

00000
10000
00010
01000
00000

00010
00000
00000
00000
00000

00011
00001
00000
10000
00000

00000
00000
00000
00000
00000

Generation: 36
Population: 20

00001
11000
01000
00000
00000

10100
00001
00000
00000
00110

00000
10100
01001
10000
00111

00000
00000
00000
00000
00000

11000
00000
00000
00000
10000

Generation: 37
Population: 16

00000
00000
00000
00000
00000

00100
00000
00011
00000
00000

00111
00100
01011
10000
00000

00010
00101
00001
00100
00000

00000
00000
00000
00000
00000

Generation: 38
Population: 30

00000
00111
11000
01000
00100

00000
00000
11000
10100
01001

00000
00000
10000
11000
01001

00000
00000
10000
11100
01100

00011
00000
10000
10000
11000

Generation: 39
Population: 8

00000
00000
00000
00000
00000

10010
00010
00000
00000
00000

10000
00000
00000
00000
00001

00000
01000
00100
00010
00000

00000
00000
00000
00000
00000

Generation: 40
Population: 32

00011
10001
01001
00011
00011

10111
00000
00000
00001
00000

10100
10010
00010
00011
00001

11000
01000
00100
00010
00000

00001
10000
00001
00000
00001

Generation: 41
Population: 5

00000
00000
00000
00000
00000

00000
00000
11000
00000
00000

00000
00000
01000
00000
00000

00000
00000
10000
00000
01000

00000
00000
00000
00000
00000

Generation: 42
Population: 27

00000
01000
10001
01111
10001

00000
01000
11000
11000
00000

00000
00000
01000
00100
00000

00000
10000
10000
11000
00000

11100
10001
10000
00000
00001

Generation: 43
Population: 9

00000
00000
00000
00000
00000

00001
00000
00000
00000
00000

00100
00100
00000
00001
00001

00000
00100
00100
00101
00000

00000
00000
00000
00000
00000

Generation: 44
Population: 17

00010
00000
00000
00000
00000

01100
00010
00000
00000
00001

00100
00100
00000
00001
00001

00010
00100
00100
00001
00001

00000
00000
00000
00010
00011

Generation: 45
Population: 14

00000
00000
00000
00000
10000

00001
00000
00010
00011
01001

00001
00000
01001
00000
00000

00000
00000
01101
00100
00000

00000
00000
00000
00000
00000

Generation: 46
Population: 29

00011
01001
01000
11000
10000

00001
00000
00110
01000
10000

00011
01000
01000
10000
00100

00000
01101
01100
00100
00000

10000
10001
00000
00000
00001

Generation: 47
Population: 5

00000
00000
00000
00000
00000

00000
00000
00010
00010
00000

00000
00000
00000
00000
00100

00000
00000
00001
00001
00000

00000
00000
00000
00000
00000

Generation: 48
Population: 5

00000
00000
00000
00000
00000

00000
00000
00000
00110
00000

00000
00000
00000
00100
00010

00000
00000
00000
00010
00000

00000
00000
00000
00000
00000

Generation: 49
Population: 9

00000
00000
00000
00000
00000

00000
00000
00110
00110
00000

00000
00000
00000
00001
00001

00001
00000
00000
00110
00000

00000
00000
00000
00000
00000

Generation: 50
Population: 21

00000
00100
01000
01000
00010

00000
00000
00101
00100
00000

00000
00010
01000
01000
00000

00000
00000
00010
00011
00100

01100
10001
00000
00001
01010

Generation: 51
Population: 12

00000
00000
00000
00000
10010

00000
00000
00000
00000
01000

00100
00011
01000
00000
10001

00000
00000
11000
10000
00000

00000
00000
00000
00000
00000

Generation: 52
Population: 35

00000
00000
00000
10100
00010

00100
00110
10000
00100
01110

00101
00011
01100
00101
10000

00111
00010
01100
00001
01000

01100
01000
01000
00001
00101

Generation: 53
Population: 1

00000
00000
00000
00000
00000

00000
00000
00000
00000
00000

00000
00000
00000
00001
00000

00000
00000
00000
00000
00000

00000
00000
00000
00000
00000

Generation: 54
Population: 0

00000
00000
00000
00000
00000

00000
00000
00000
00000
00000

00000
00000
00000
00000
00000

00000
00000
00000
00000
00000

00000
00000
00000
00000
00000

Generation: 55
Population: 5

00000
00000
00000
00001
01000

00000
00000
00000
00000
00000

00000
00000
00000
00000
00000

00001
00000
00000
00000
00001

00000
00000
00000
00001
00000

Generation: 56
Population: 2

00000
00000
00000
00000
00000

00000
00000
00000
00000
00000

00000
00000
00000
00000
00000

00000
00000
00000
00000
00011

00000
00000
00000
00000
00000

Generation: 57
Population: 5

00000
00000
00000
00001
01000

00000
00000
00000
00000
00000

00000
00000
00000
00000
00000

00001
00000
00000
00000
00110

00000
00000
00000
00000
00000

Generation: 58
Population: 4

00000
00000
00000
00000
00000

00000
00000
00000
00000
00000

00000
00000
00000
00000
00010

00000
00000
00000
00000
00110

00000
00000
00000
00000
00100

Generation: 59
Population: 8

00000
00000
00000
00001
01000

00000
00000
00000
00000
00000

00000
00000
00000
00110
00110

00001
00000
00000
00000
01000

00000
00000
00000
00000
00000

Generation: 60
Population: 11

00000
00000
00000
00000
00000

00000
00000
00010
01001
01000

00000
00000
00000
01010
01001

00000
00000
00000
01000
01001

00000
00000
00000
00000
00000

Generation: 61
Population: 18

00000
00000
00000
00000
00010

00000
00000
00011
01001
01011

00000
00000
11011
00000
00001

00001
00000
00100
01011
00000

00000
00000
00000
00000
00000

Generation: 62
Population: 22

00000
00000
00011
10000
10000

00000
10100
01000
01000
00000

00001
11000
00000
00000
11000

00001
11100
00000
11000
00100

00000
00000
00001
00000
10000

Generation: 63
Population: 7

00000
00000
00000
00000
00110

00000
00100
00010
00000
00000

00000
00000
00000
00000
00010

00000
00100
00000
00100
00000

00000
00000
00000
00000
00000

Generation: 64
Population: 21

00000
00100
00000
00111
10011

00000
00000
00000
00001
00110

00000
00110
01000
00110
00000

00000
00000
00000
00000
00100

00000
11000
11000
00010
00000

Generation: 65
Population: 15

00000
00000
00000
00000
10000

00110
01010
00000
10000
00000

00000
00100
01001
00001
01000

00000
00001
00000
10000
11000

00000
00000
00000
00000
00000

Generation: 66
Population: 25

00001
10000
01000
00001
10001

00001
11000
00000
00000
00111

01001
00000
00000
00100
00000

00000
00011
01000
00100
00100

00000
00100
10000
00110
00010

Generation: 67
Population: 13

00000
00000
00000
00000
00000

00100
00110
00100
10000
00100

01000
00000
10000
00000
00001

01000
00011
10000
00000
00000

00000
00000
00000
00000
00000

Generation: 68
Population: 27

00000
00000
01100
00011
00010

00000
00011
00111
10010
10110

00000
00000
00000
00010
10100

01000
00101
10000
00000
00000

00001
01110
00010
00000
00000

Generation: 69
Population: 9

00000
00000
00000
00000
00000

00000
01000
00000
00000
00000

11000
00000
00000
00000
00000

00000
00000
10000
11111
00000

00000
00000
00000
00000
00000

Generation: 70
Population: 27

00100
01000
00000
00000
10000

00100
11000
00000
00000
10000

00100
00000
00010
00110
00011

01000
01000
00110
11111
00011

01000
01000
00100
00000
00000

Generation: 71
Population: 8

00000
00000
00000
00000
00000

00000
10000
00010
01000
00000

00010
00000
00000
00000
00000

00011
00001
00000
10000
00000

00000
00000
00000
00000
00000

Generation: 72
Population: 20

00001
11000
01000
00000
00000

10100
00001
00000
00000
00110

00000
10100
01001
10000
00111

00000
00000
00000
00000
00000

11000
00000
00000
00000
10000

Generation: 73
Population: 16

00000
00000
00000
00000
00000

00100
00000
00011
00000
00000

00111
00100
01011
10000
00000

00010
00101
00001
00100
00000

00000
00000
00000
00000
00000

Generation: 74
Population: 30

00000
00111
11000
01000
00100

00000
00000
11000
10100
01001

00000
00000
10000
11000
01001

00000
00000
10000
11100
01100

00011
00000
10000
10000
11000

Generation: 75
Population: 8

00000
00000
00000
00000
00000

10010
00010
00000
00000
00000

10000
00000
00000
00000
00001

00000
01000
00100
00010
00000

00000
00000
00000
00000
00000

Generation: 76
Population: 32

00011
10001
01001
00011
00011

10111
00000
00000
00001
00000

10100
10010
00010
00011
00001

11000
01000
00100
00010
00000

00001
10000
00001
00000
00001

Generation: 77
Population: 5

00000
00000
00000
00000
00000

00000
00000
11000
00000
00000

00000
00000
01000
00000
00000

00000
00000
10000
00000
01000

00000
00000
00000
00000
00000

Generation: 78
Population: 27

00000
01000
10001
01111
10001

00000
01000
11000
11000
00000

00000
00000
01000
00100
00000

00000
10000
10000
11000
00000

11100
10001
10000
00000
00001

Generation: 79
Population: 9

00000
00000
00000
00000
00000

00001
00000
00000
00000
00000

00100
00100
00000
00001
00001

00000
00100
00100
00101
00000

00000
00000
00000
00000
00000

Generation: 80
Population: 17

00010
00000
00000
00000
00000

01100
00010
00000
00000
00001

00100
00100
00000
00001
00001

00010
00100
00100
00001
00001

00000
00000
00000
00010
00011

Generation: 81
Population: 14

00000
00000
00000
00000
10000

00001
00000
00010
00011
01001

00001
00000
01001
00000
00000

00000
00000
01101
00100
00000

00000
00000
00000
00000
00000

Generation: 82
Population: 29

00011
01001
01000
11000
10000

00001
00000
00110
01000
10000

00011
01000
01000
10000
00100

00000
01101
01100
00100
00000

10000
10001
00000
00000
00001

Generation: 83
Population: 5

00000
00000
00000
00000
00000

00000
00000
00010
00010
00000

00000
00000
00000
00000
00100

00000
00000
00001
00001
00000

00000
00000
00000
00000
00000

Generation: 84
Population: 5

00000
00000
00000
00000
00000

00000
00000
00000
00110
00000

00000
00000
00000
00100
00010

00000
00000
00000
00010
00000

00000
00000
00000
00000
00000

Generation: 85
Population: 9

00000
00000
00000
00000
00000

00000
00000
00110
00110
00000

00000
00000
00000
00001
00001

00001
00000
00000
00110
00000

00000
00000
00000
00000
00000

Generation: 86
Population: 21

00000
00100
01000
01000
00010

00000
00000
00101
00100
00000

00000
00010
01000
01000
00000

00000
00000
00010
00011
00100

01100
10001
00000
00001
01010

Generation: 87
Population: 12

00000
00000
00000
00000
10010

00000
00000
00000
00000
01000

00100
00011
01000
00000
10001

00000
00000
11000
10000
00000

00000
00000
00000
00000
00000

Generation: 88
Population: 35

00000
00000
00000
10100
00010

00100
00110
10000
00100
01110

00101
00011
01100
00101
10000

00111
00010
01100
00001
01000

01100
01000
01000
00001
00101

Generation: 89
Population: 1

00000
00000
00000
00000
00000

00000
00000
00000
00000
00000

00000
00000
00000
00001
00000

00000
00000
00000
00000
00000

00000
00000
00000
00000
00000

Generation: 90
Population: 0

00000
00000
00000
00000
00000

00000
00000
00000
00000
00000

00000
00000
00000
00000
00000

00000
00000
00000
00000
00000

00000
00000
00000
00000
00000

Generation: 91
Population: 5

00000
00000
00000
00001
01000

00000
00000
00000
00000
00000

00000
00000
00000
00000
00000

00001
00000
00000
00000
00001

00000
00000
00000
00001
00000

Generation: 92
Population: 2

00000
00000
00000
00000
00000

00000
00000
00000
00000
00000

00000
00000
00000
00000
00000

00000
00000
00000
00000
00011

00000
00000
00000
00000
00000

Generation: 93
Population: 5

00000
00000
00000
00001
01000

00000
00000
00000
00000
00000

00000
00000
00000
00000
00000

00001
00000
00000
00000
00110

00000
00000
00000
00000
00000

Generation: 94
Population: 4

00000
00000
00000
00000
00000

00000
00000
00000
00000
00000

00000
00000
00000
00000
00010

00000
00000
00000
00000
00110

00000
00000
00000
00000
00100

Generation: 95
Population: 8

00000
00000
00000
00001
01000

00000
00000
00000
00000
00000

00000
00000
00000
00110
00110

00001
00000
00000
00000
01000

00000
00000
00000
00000
00000

Generation: 96
Population: 11

00000
00000
00000
00000
00000

00000
00000
00010
01001
01000

00000
00000
00000
01010
01001

00000
00000
00000
01000
01001

00000
00000
00000
00000
00000

Generation: 97
Population: 18

00000
00000
00000
00000
00010

00000
00000
00011
01001
01011

00000
00000
11011
00000
00001

00001
00000
00100
01011
00000

00000
00000
00000
00000
00000

Generation: 98
Population: 22

00000
00000
00011
10000
10000

00000
10100
01000
01000
00000

00001
11000
00000
00000
11000

00001
11100
00000
11000
00100

00000
00000
00001
00000
10000

Generation: 99
Population: 7

00000
00000
00000
00000
00110

00000
00100
00010
00000
00000

00000
00000
00000
00000
00010

00000
00100
00000
00100
00000

00000
00000
00000
00000
00000

