Create this file... Date or something - maybe rules here...

Generation: 0
Population: 0

00000
00000
00000
00000
00000

00000
00000
00001
00000
00000

Generation: 1
Population: 0

00000
00000
00000
00000
00000

00000
00001
10011
00001
00000

Generation: 2
Population: 0

00000
00000
00001
00000
00000

00000
00000
00000
00000
00000

Generation: 3
Population: 0

00000
00000
00000
00000
00000

00000
00000
00000
00000
00000

Generation: 4
Population: 0

00000
00000
00000
00000
00000

00000
00000
00000
00000
00000

Generation: 5
Population: 0

00000
00000
00000
00000
00000

00000
00000
00000
00000
00000

